0 : 0.060286268 9.437911685 3.141911047
1 : 0.076137078 9.450496598 3.141905866
2 : 0.091981878 9.467898479 3.14191261
3 : 0.107816778 9.4900865 3.141913175
4 : 0.123637678 9.517085558 3.141906504
5 : 0.139440878 9.548977903 3.141908595
6 : 0.155221878 9.585796431 3.141917977
7 : 0.170977878 9.62752669 3.141914779
8 : 0.186703878 9.674261993 3.141914637
9 : 0.202396878 9.726048439 3.141914248
10 : 0.218052878 9.782936771 3.14191109
11 : 0.233666878 9.845030884 3.141919439
12 : 0.249237878 9.912344239 3.141917732
13 : 0.264759878 9.984932849 3.141903172
14 : 0.280229878 10.06297444 3.141905587
15 : 0.295644878 10.14649075 3.141903648
16 : 0.311000878 10.23560988 3.141909277
17 : 0.326294878 10.33041865 3.141918067
18 : 0.341523878 10.43095473 3.141909076
19 : 0.356683878 10.53741514 3.141910025
20 : 0.371771878 10.64990059 3.141915536
21 : 0.386784878 10.76846557 3.141905165
22 : 0.401720878 10.89333299 3.141903741
23 : 0.416574878 11.02461288 3.141908297
24 : 0.431345878 11.16243947 3.141911424
25 : 0.446030878 11.30694388 3.141908073
26 : 0.460625878 11.45829926 3.141906293
27 : 0.475129878 11.61669889 3.141909131
28 : 0.489539878 11.7823063 3.141915104
29 : 0.503852878 11.95523413 3.141907963
30 : 0.518067878 12.13577755 3.141911556
31 : 0.532181878 12.32406616 3.141910435
32 : 0.546193878 12.52035578 3.141913275
33 : 0.560099878 12.72478526 3.141907897
34 : 0.573899878 12.93768647 3.141913976
35 : 0.587590878 13.15916323 3.141904105
36 : 0.601170878 13.38960619 3.141914924
37 : 0.614639878 13.62916383 3.141914677
38 : 0.627995878 13.87813936 3.141914312
39 : 0.641236878 14.13680911 3.141916439
40 : 0.654360878 14.40543741 3.141919347
41 : 0.667368878 14.68429384 3.141907071
42 : 0.680257878 14.97378369 3.141908713
43 : 0.693027878 15.27418981 3.141910646
44 : 0.705676878 15.58583238 3.141914949
45 : 0.718204878 15.90904074 3.141913747
46 : 0.730609878 16.24415484 3.141909602
47 : 0.742892878 16.59165551 3.141914116
48 : 0.755052878 16.95185784 3.141914575
49 : 0.767088878 17.32515098 3.141910844
50 : 0.778999878 17.71198046 3.141911007
51 : 0.790786878 18.11283583 3.141916291
52 : 0.802447878 18.52801526 3.141910035
53 : 0.813983878 18.95814892 3.141912595
54 : 0.825394878 19.40366062 3.141911775
55 : 0.836679878 19.86506901 3.141915397
56 : 0.847838878 20.34282186 3.141911411
57 : 0.858872878 20.83757414 3.141910653
58 : 0.869780878 21.34984159 3.141912831
59 : 0.880563878 21.88021104 3.141912159
60 : 0.891220878 22.42923566 3.141909704
61 : 0.901753878 22.99768064 3.141911677
62 : 0.912161878 23.58607349 3.141910036
63 : 0.922445878 24.19522257 3.14191725
64 : 0.932605878 24.82559507 3.14190567
65 : 0.942641878 25.47818785 3.14191346
66 : 0.952555878 26.15360273 3.141908517
67 : 0.962346878 26.85272318 3.141915342
68 : 0.972015878 27.57621803 3.141913372
69 : 0.981564878 28.32510363 3.14191013
70 : 0.990991878 29.1001515 3.141916913
71 : 1.000299878 29.90229768 3.141915992
0 : 1.009533878 30.43765941 3.111350742
1 : 1.018781878 30.69475682 3.050622924
2 : 1.028089878 30.96939634 2.990280078
3 : 1.037456878 31.26255082 2.93032283
4 : 1.046882878 31.57515597 2.870731424
5 : 1.056369878 31.90852306 2.811493575
6 : 1.065909878 32.26343485 2.752635219
7 : 1.075509878 32.6415063 2.694105881
8 : 1.085159878 33.04380608 2.635958353
9 : 1.094869878 33.47241341 2.578128842
10 : 1.104639878 33.92897015 2.520598276
11 : 1.114459878 34.41480079 2.463408032
12 : 1.124329878 34.93203215 2.406553715
13 : 1.134259878 35.48361039 2.349975982
14 : 1.144239878 36.07141728 2.293714432
15 : 1.154269878 36.69802705 2.237746751
16 : 1.164359878 37.36751626 2.182027715
17 : 1.174489878 38.08145429 2.126626928
18 : 1.184679878 38.84552201 2.071451367
19 : 1.194909878 39.66226867 2.016586893
20 : 1.205189878 40.53710914 1.961964552
21 : 1.215519878 41.47550962 1.907578641
22 : 1.225899878 42.48357835 1.853419978
23 : 1.236319878 43.56698831 1.799523231
24 : 1.246779878 44.73311733 1.745867895
25 : 1.257289878 45.99231849 1.692408875
26 : 1.267839878 47.35331678 1.639178156
27 : 1.278429878 48.82750942 1.586160159
28 : 1.289059878 50.42833761 1.533346847
29 : 1.299729878 52.17138748 1.480727649
30 : 1.310439878 54.074686 1.42828539
31 : 1.321189878 56.15989165 1.376013015
32 : 1.331969878 58.45019467 1.323943734
33 : 1.342789878 60.9781878 1.272022216
34 : 1.353639878 63.77764077 1.22027657
35 : 1.364529878 66.89578663 1.168651764
36 : 1.375439878 70.38096994 1.117229132
37 : 1.386389878 74.30710392 1.065904326
38 : 1.397369878 78.75621837 1.014713899
39 : 1.408369878 83.83108199 0.963682733
40 : 1.419399878 89.67625938 0.912758738
41 : 1.430449878 96.47029017 0.861974307
42 : 1.441529878 104.4676439 0.811273261
43 : 1.452629878 114.0033048 0.76068759
44 : 1.463759878 125.5723284 0.710158147
45 : 1.474899878 139.8646162 0.659761479
46 : 1.486059878 157.9789316 0.609446235
47 : 1.497239878 181.667558 0.559192788
48 : 1.508429878 213.9189356 0.509037694
49 : 1.519639878 260.4197616 0.458922285
