0 : 0.034106329 4.714739681 3.141911047
1 : 0.049957139 4.719061706 3.141905866
2 : 0.065801939 4.725780452 3.14191261
3 : 0.081636839 4.734877007 3.141913175
4 : 0.097457739 4.746360285 3.141906504
5 : 0.113260939 4.760267709 3.141908595
6 : 0.129041939 4.776612121 3.141917977
7 : 0.144797939 4.795382515 3.141914779
8 : 0.160523939 4.816621812 3.141914637
9 : 0.176216939 4.840349073 3.141914248
10 : 0.191872939 4.866585734 3.14191109
11 : 0.207486939 4.895379723 3.141919439
12 : 0.223057939 4.926733361 3.141917732
13 : 0.238579939 4.960670736 3.141903172
14 : 0.254049939 4.997275888 3.141905587
15 : 0.269464939 5.036555234 3.141903648
16 : 0.284820939 5.078568034 3.141909277
17 : 0.300114939 5.123352781 3.141918067
18 : 0.315343939 5.170923462 3.141909076
19 : 0.330503939 5.221373097 3.141910025
20 : 0.345591939 5.274746624 3.141915536
21 : 0.360604939 5.331065936 3.141905165
22 : 0.375540939 5.390435993 3.141903741
23 : 0.390394939 5.452906142 3.141908297
24 : 0.405165939 5.518536854 3.141911424
25 : 0.419850939 5.587387195 3.141908073
26 : 0.434445939 5.659536959 3.141906293
27 : 0.448949939 5.735075104 3.141909131
28 : 0.463359939 5.814075977 3.141915104
29 : 0.477672939 5.896588574 3.141907963
30 : 0.491887939 5.982751281 3.141911556
31 : 0.506001939 6.072620873 3.141910435
32 : 0.520013939 6.166315637 3.141913275
33 : 0.533919939 6.263896552 3.141907897
34 : 0.547719939 6.365518402 3.141913976
35 : 0.561410939 6.471224026 3.141904105
36 : 0.574990939 6.581196763 3.141914924
37 : 0.588459939 6.695499926 3.141914677
38 : 0.601815939 6.814272955 3.141914312
39 : 0.615056939 6.937641605 3.141916439
40 : 0.628180939 7.065725289 3.141919347
41 : 0.641188939 7.198644651 3.141907071
42 : 0.654077939 7.336587445 3.141908713
43 : 0.666847939 7.479679925 3.141910646
44 : 0.679496939 7.628066676 3.141914949
45 : 0.692024939 7.781895505 3.141913747
46 : 0.704429939 7.941319442 3.141909602
47 : 0.716712939 8.106558602 3.141914116
48 : 0.728872939 8.277752004 3.141914575
49 : 0.740908939 8.455074125 3.141910844
50 : 0.752819939 8.638726183 3.141911007
51 : 0.764606939 8.82892908 3.141916291
52 : 0.776267939 9.025810835 3.141910035
53 : 0.787803939 9.229658962 3.141912595
54 : 0.799214939 9.440659783 3.141911775
55 : 0.810499939 9.659045269 3.141915397
56 : 0.821658939 9.885011325 3.141911411
57 : 0.832692939 10.11885276 3.141910653
58 : 0.843600939 10.36079661 3.141912831
59 : 0.854383939 10.6111019 3.141912159
60 : 0.865040939 10.87001125 3.141909704
61 : 0.875573939 11.13786651 3.141911677
62 : 0.885981939 11.41489488 3.141910036
63 : 0.896265939 11.70145644 3.14191725
64 : 0.906425939 11.99774529 3.14190567
65 : 0.916461939 12.30420987 3.14191346
66 : 0.926375939 12.62110391 3.141908517
67 : 0.936166939 12.94881784 3.141915342
68 : 0.945835939 13.28763463 3.141913372
69 : 0.955384939 13.6380013 3.14191013
70 : 0.964811939 14.00024887 3.141916913
71 : 0.974119939 14.37477952 3.141915992
0 : 0.983353939 14.62032489 3.111350742
1 : 0.992601939 14.73154805 3.050622924
2 : 1.001909939 14.850538 2.990280078
3 : 1.011276939 14.97770319 2.93032283
4 : 1.020702939 15.11342673 2.870731424
5 : 1.030189939 15.25826133 2.811493575
6 : 1.039729939 15.41251489 2.752635219
7 : 1.049329939 15.5768609 2.694105881
8 : 1.058979939 15.75173044 2.635958353
9 : 1.068689939 15.93799081 2.578128842
10 : 1.078459939 16.13630372 2.520598276
11 : 1.088279939 16.34718647 2.463408032
12 : 1.098149939 16.57150392 2.406553715
13 : 1.108079939 16.81046696 2.349975982
14 : 1.118059939 17.0648036 2.293714432
15 : 1.128089939 17.33552485 2.237746751
16 : 1.138179939 17.62429431 2.182027715
17 : 1.148309939 17.93164029 2.126626928
18 : 1.158499939 18.25987894 2.071451367
19 : 1.168729939 18.60992425 2.016586893
20 : 1.179009939 18.98389375 1.961964552
21 : 1.189339939 19.38389311 1.907578641
22 : 1.199719939 19.81225185 1.853419978
23 : 1.210139939 20.27105293 1.799523231
24 : 1.220599939 20.76303439 1.745867895
25 : 1.231109939 21.29213327 1.692408875
26 : 1.241659939 21.861473 1.639178156
27 : 1.252249939 22.47518169 1.586160159
28 : 1.262879939 23.13809775 1.533346847
29 : 1.273549939 23.85575733 1.480727649
30 : 1.284259939 24.63445593 1.42828539
31 : 1.295009939 25.48169498 1.376013015
32 : 1.305789939 26.40521538 1.323943734
33 : 1.316609939 27.41609003 1.272022216
34 : 1.327459939 28.52520044 1.22027657
35 : 1.338349939 29.74797736 1.168651764
36 : 1.349259939 31.09919067 1.117229132
37 : 1.360209939 32.60209117 1.065904326
38 : 1.371189939 34.28097305 1.014713899
39 : 1.382189939 36.16519817 0.963682733
40 : 1.393219939 38.29581664 0.912758738
41 : 1.404269939 40.72051286 0.861974307
42 : 1.415349939 43.50569332 0.811273261
43 : 1.426449939 46.73288459 0.76068759
44 : 1.437579939 50.51758181 0.710158147
45 : 1.448719939 55.00611203 0.659761479
46 : 1.459879939 60.41761314 0.609446235
47 : 1.471059939 67.06437831 0.559192788
48 : 1.482249939 75.41093682 0.509037694
49 : 1.493459939 86.20904939 0.458922285
